41
118
363
213
603
650
376
687
239
48
469
745
598
843
722
146
70
827
873
119
868
166
568
423
779
308
171
442
932
272
149
854
284
270
288
449
947
294
633
637
676
534
531
360
821
607
334
33
217
300
180
458
906
206
52
13
798
392
202
159
313
878
187
939
514
77
226
838
893
243
488
375
963
242
141
158
762
618
656
497
347
63
841
164
651
391
46
153
377
888
979
802
657
445
636
695
666
459
219
220
521
949
411
116
39
867
566
933
576
837
122
934
244
318
30
565
152
438
621
630
424
216
89
419
322
515
310
663
67
646
696
583
770
587
803
572
554
972
540
474
178
26
681
813
292
432
945
688
349
658
